----------- FDHC RESULTS -----------
 --> Total Frames: 228
 --> Correct Frames: 184
 --> Succes Rate: 80.701754386 %
 ---- 23.7039999962 seconds ----
 --> CPU PERCENTAGE:
[28.1, 63.2, 60.9, 60.7, 45.8, 49.0, 45.8, 43.8, 45.8, 64.6, 45.8, 41.7, 50.0, 49.1, 50.0, 43.8, 60.4, 58.3, 41.7, 46.4, 51.8, 51.8, 46.9, 37.5, 44.6, 64.9, 45.0, 40.8, 43.8, 37.5, 58.3, 33.9, 62.5, 50.0, 53.6, 79.2, 44.9, 45.8, 51.0, 40.8, 52.6, 45.8, 33.3, 61.4, 53.1, 43.1, 61.2, 50.0, 38.6, 57.1, 60.0, 35.4, 50.0, 49.0, 31.3, 37.5, 50.0, 54.2, 65.0, 47.9, 50.0, 66.0, 70.0, 45.8, 62.5, 40.0, 77.5, 33.3, 65.9, 46.9, 55.0, 61.9, 33.3, 50.0, 58.5, 33.3, 55.0, 50.0, 42.9, 53.7, 53.7, 54.2, 51.0, 60.0, 64.6, 60.4, 38.8, 57.1, 47.9, 70.0, 39.6, 51.0, 47.9, 66.7, 60.4, 72.9, 62.5, 59.2, 54.5, 46.7, 43.8, 45.8, 43.8, 55.1, 72.0, 52.1, 52.1, 43.8, 58.5, 37.5, 49.0, 47.5, 66.7, 52.5, 38.8, 70.7, 61.2, 39.6, 47.5, 43.8, 55.0, 72.5, 33.3, 45.8, 56.1, 37.5, 55.0, 38.8, 50.0, 
45.8, 51.2, 67.3, 57.5, 58.3, 40.0, 52.5, 57.5, 73.5, 37.5, 75.0, 27.1, 73.2, 49.0, 47.5, 56.1, 43.8, 50.0, 39.6, 65.9, 35.4, 75.0, 59.5, 50.0, 64.6, 45.8, 45.8, 50.0, 60.0, 39.6, 63.3, 53.7, 52.1, 46.9, 47.5, 43.8, 50.0, 45.0, 50.0, 41.7, 34.7, 57.1, 57.5, 47.9, 41.7, 47.9, 70.0, 50.0, 54.2, 52.1, 52.5, 47.9, 50.0, 57.5, 60.4, 37.5, 45.8, 55.0, 61.2, 52.1, 78.7, 39.0, 52.1, 50.0, 41.7, 37.5, 51.0, 33.3, 49.0, 75.0, 53.1, 56.3, 41.1, 46.9, 51.0, 50.0, 65.3, 67.3, 60.0, 37.5, 45.8, 60.4, 52.1, 45.0, 31.3, 56.3, 40.0, 37.5, 50.0, 41.7, 35.4, 59.2, 47.9, 64.6, 69.4, 66.7, 55.0, 42.9, 33.3]
51.24429824561403
--> MEMORY PERCENTAGE:
[58.0, 58.1, 57.9, 57.9, 57.9, 57.9, 57.9, 57.9, 57.9, 57.9, 57.9, 57.9, 57.9, 57.9, 57.9, 57.9, 57.9, 57.9, 57.9, 57.9, 57.8, 57.7, 57.7, 57.7, 57.7, 57.7, 57.7, 57.7, 57.7, 57.7, 57.7, 57.6, 57.6, 57.6, 57.4, 57.4, 57.4, 57.4, 57.4, 57.4, 57.4, 57.4, 57.4, 57.4, 57.4, 57.4, 57.4, 57.4, 57.4, 57.3, 57.3, 57.3, 57.3, 57.3, 57.3, 57.3, 57.3, 57.3, 57.3, 57.3, 57.3, 57.3, 57.3, 57.3, 57.3, 57.3, 57.3, 57.3, 57.3, 57.3, 57.3, 57.3, 57.3, 57.3, 57.3, 57.2, 57.2, 57.2, 57.2, 57.2, 57.2, 57.2, 57.2, 57.2, 57.2, 57.2, 57.2, 57.2, 57.2, 57.2, 57.2, 57.2, 57.2, 57.2, 57.2, 57.2, 57.2, 57.2, 57.2, 57.2, 57.2, 57.2, 57.2, 57.2, 57.2, 57.2, 57.2, 57.2, 57.2, 57.2, 57.2, 57.2, 57.2, 57.2, 57.2, 57.2, 57.2, 57.2, 57.2, 57.2, 57.2, 57.2, 57.2, 57.2, 57.1, 57.1, 57.1, 57.1, 57.1, 
57.1, 57.1, 57.1, 57.1, 57.1, 57.1, 57.1, 57.1, 57.1, 57.1, 57.1, 57.1, 57.1, 57.1, 57.1, 57.1, 57.1, 57.1, 57.1, 57.1, 57.1, 57.1, 57.1, 57.1, 57.1, 57.1, 57.1, 57.1, 57.1, 57.1, 57.1, 57.1, 57.1, 57.1, 57.1, 57.1, 57.1, 57.1, 57.1, 57.1, 57.1, 57.1, 57.1, 57.1, 57.1, 57.1, 57.1, 57.1, 57.1, 57.1, 57.1, 57.1, 57.1, 57.1, 57.1, 57.1, 57.1, 57.1, 57.1, 57.1, 57.1, 57.1, 57.1, 57.1, 57.1, 57.1, 57.1, 57.1, 57.1, 57.1, 57.1, 57.1, 57.1, 57.1, 57.1, 57.1, 57.1, 57.1, 57.1, 57.1, 57.1, 57.1, 57.1, 57.1, 57.1, 57.1, 57.1, 57.1, 57.1, 57.1, 57.1, 57.1, 57.1, 57.1, 57.1, 57.1, 57.1, 57.1, 57.1]
57.2714912280702

----------- FDFR RESULTS -----------
 --> Total Frames: 228
 --> Correct Frames: 162
 --> Succes Rate: 71.0526315789 %
 ---- 125.137000084 seconds ----
 --> CPU PERCENTAGE:
[22.8, 26.0, 19.4, 18.2, 14.0, 17.3, 15.0, 17.8, 18.1, 9.1, 14.4, 18.2, 17.3, 21.6, 20.0, 22.3, 21.5, 18.7, 18.0, 14.0, 22.5, 17.1, 31.1, 19.6, 23.2, 18.7, 20.9, 24.3, 21.5, 22.3, 17.2, 18.9, 21.0, 27.7, 34.1, 34.7, 19.7, 29.1, 26.2, 21.6, 15.8, 18.8, 19.4, 20.1, 35.3, 32.6, 22.3, 20.4, 26.6, 20.1, 18.8, 17.3, 23.4, 35.1, 30.9, 30.2, 35.6, 26.0, 18.3, 17.5, 19.3, 16.5, 15.0, 17.5, 17.9, 21.2, 15.5, 16.5, 16.2, 15.0, 15.0, 20.5, 16.8, 17.8, 17.9, 18.1, 15.7, 20.9, 15.7, 16.2, 15.5, 16.4, 17.2, 16.4, 30.6, 21.5, 19.7, 17.4, 20.8, 26.1, 28.3, 25.8, 40.2, 25.9, 38.1, 31.1, 22.5, 24.2, 19.3, 22.1, 23.2, 24.5, 24.9, 20.1, 21.2, 28.7, 22.6, 26.1, 28.4, 19.9, 22.9, 31.6, 43.2, 21.2, 28.2, 20.0, 23.8, 27.0, 26.7, 24.3, 34.4, 32.5, 29.3, 30.8, 23.6, 30.2, 18.8, 27.1, 52.4, 56.7, 58.1, 58.0, 36.7, 51.6, 27.1, 26.3, 20.4, 22.1, 24.6, 21.6, 35.2, 52.7, 40.1, 42.1, 60.4, 34.0, 50.3, 29.1, 19.9, 26.0, 60.9, 30.0, 24.9, 42.6, 43.7, 
17.2, 52.4, 47.4, 54.5, 19.5, 15.1, 20.8, 25.5, 42.2, 21.4, 45.3, 46.2, 26.4, 22.1, 16.1, 28.7, 27.4, 25.7, 37.5, 41.0, 49.2, 39.9, 38.9, 45.3, 50.2, 33.2, 33.4, 29.5, 26.1, 22.8, 17.9, 19.0, 24.1, 39.5, 21.5, 29.7, 25.6, 22.8, 22.5, 38.2, 31.5, 26.1, 20.1, 15.5, 34.3, 18.1, 40.2, 44.9, 40.4, 29.4, 25.5, 32.7, 33.2, 27.7, 19.2, 23.8, 21.8, 24.6, 17.2, 22.6, 48.6, 28.9, 45.9, 34.6, 28.8, 28.1, 41.5, 48.5, 37.0, 24.3, 21.6, 34.5, 26.6]
27.13157894736842
--> MEMORY PERCENTAGE:
[60.9, 61.0, 61.0, 61.0, 61.0, 61.0, 61.0, 61.0, 61.0, 61.0, 61.0, 61.0, 61.0, 61.1, 61.0, 61.0, 61.0, 61.0, 61.0, 61.0, 61.0, 61.0, 61.0, 61.0, 61.0, 61.0, 61.0, 61.0, 61.0, 61.0, 61.0, 60.9, 60.9, 60.9, 61.1, 61.1, 61.1, 61.1, 61.1, 61.1, 61.1, 61.1, 61.2, 61.2, 61.2, 61.2, 61.2, 61.2, 61.2, 61.2, 61.2, 61.2, 61.2, 61.2, 61.1, 61.1, 61.2, 61.2, 61.2, 61.2, 61.2, 61.2, 61.2, 61.2, 61.1, 61.1, 61.1, 61.1, 61.1, 61.1, 61.1, 61.1, 61.1, 61.0, 60.9, 60.9, 60.9, 60.9, 60.9, 60.9, 60.9, 60.9, 60.9, 60.9, 60.9, 60.9, 60.9, 60.9, 61.2, 61.5, 61.5, 61.6, 61.6, 61.6, 61.7, 61.7, 61.6, 61.6, 61.6, 61.6, 61.6, 61.6, 61.6, 61.6, 61.6, 61.6, 61.5, 61.5, 61.5, 61.5, 61.5, 61.4, 61.5, 61.5, 61.5, 61.4, 61.4, 61.5, 61.4, 61.5, 61.5, 61.5, 61.5, 61.5, 61.5, 61.5, 61.5, 61.5, 61.6, 
61.7, 61.9, 61.9, 61.9, 61.9, 61.1, 61.1, 61.1, 61.1, 61.1, 61.1, 61.1, 61.1, 61.3, 61.4, 61.4, 61.4, 61.4, 61.4, 61.4, 61.4, 61.4, 61.4, 61.4, 61.4, 61.4, 61.4, 61.4, 61.4, 61.6, 61.5, 61.5, 61.5, 61.6, 61.6, 61.6, 61.6, 61.6, 61.6, 61.6, 61.5, 61.4, 61.4, 61.4, 61.4, 61.4, 61.4, 61.4, 61.4, 61.4, 61.5, 61.5, 61.5, 61.5, 61.5, 61.5, 61.4, 61.4, 61.4, 61.4, 61.5, 61.5, 61.4, 61.4, 61.4, 61.5, 61.5, 61.5, 61.5, 61.5, 61.5, 61.5, 61.5, 61.5, 61.6, 61.6, 61.6, 61.5, 61.5, 61.5, 61.5, 61.5, 61.5, 61.5, 61.5, 61.5, 61.5, 61.5, 61.5, 61.6, 61.6, 61.6, 61.6, 61.6, 61.6, 61.6, 61.6, 61.6, 61.6]
61.31885964912281
