----------- FDHC RESULTS -----------
 --> Total Frames: 330
 --> Correct Frames: 330
 --> Succes Rate: 100.0 %
 ---- 33.4850001335 seconds ----
 --> CPU PERCENTAGE:
[30.8, 70.3, 71.9, 59.4, 55.4, 59.6, 73.2, 35.7, 54.2, 57.1, 60.0, 45.8, 39.6, 60.0, 47.9, 41.7, 77.1, 60.0, 37.5, 50.0, 35.4, 50.0, 45.8, 56.3, 33.3, 55.0, 31.3, 57.5, 53.6, 62.5, 46.9, 35.4, 51.2, 50.0, 58.3, 75.5, 39.6, 72.9, 41.7, 64.6, 77.1, 58.3, 54.2, 55.4, 47.9, 60.4, 63.3, 64.6, 68.8, 47.9, 70.8, 50.9, 46.5, 41.1, 45.8, 68.8, 67.9, 53.6, 64.6, 66.1, 75.0, 48.2, 54.0, 50.0, 54.2, 64.6, 43.8, 43.8, 43.8, 51.8, 52.1, 47.9, 62.5, 52.1, 41.1, 60.4, 55.4, 43.8, 63.3, 43.8, 42.9, 43.8, 49.0, 68.8, 42.9, 50.0, 58.3, 75.0, 48.2, 68.8, 57.1, 49.0, 41.7, 45.8, 66.7, 66.7, 73.2, 43.8, 52.1, 56.3, 39.3, 62.5, 52.1, 51.0, 57.9, 68.8, 63.2, 45.8, 43.8, 58.0, 54.2, 46.4, 45.8, 58.3, 56.3, 50.0, 58.9, 52.1, 55.0, 44.2, 36.5, 50.0, 60.4, 37.5, 64.6, 41.1, 62.5, 58.3, 57.1, 
43.8, 41.1, 41.7, 52.1, 54.2, 50.0, 73.5, 52.1, 79.2, 58.3, 45.6, 54.2, 55.1, 56.3, 47.4, 45.8, 64.3, 47.9, 69.6, 60.7, 61.4, 60.4, 41.1, 51.8, 50.0, 48.2, 58.9, 49.1, 66.7, 46.4, 50.0, 57.1, 52.1, 53.6, 52.1, 72.9, 42.9, 50.0, 68.8, 56.3, 58.9, 41.7, 46.4, 45.8, 70.2, 41.7, 44.6, 54.2, 51.8, 58.3, 61.4, 42.3, 38.5, 63.4, 43.8, 50.0, 68.8, 54.2, 58.3, 57.5, 45.8, 65.0, 56.3, 50.0, 70.7, 35.4, 47.5, 70.0, 39.6, 47.5, 75.0, 35.4, 32.5, 41.7, 59.2, 47.9, 65.9, 44.9, 47.5, 64.6, 65.0, 52.1, 43.8, 37.5, 52.5, 31.3, 62.5, 51.0, 29.2, 62.5, 37.5, 65.0, 47.9, 67.3, 72.9, 47.5, 43.8, 57.5, 50.0, 43.8, 47.5, 54.2, 31.3, 65.0, 47.9, 43.8, 47.9, 52.5, 41.7, 43.8, 66.7, 41.7, 47.9, 67.5, 43.8, 41.7, 47.5, 32.5, 47.9, 45.8, 47.5, 40.0, 46.4, 51.2, 41.7, 60.0, 39.6, 46.9, 63.4, 37.5, 67.5, 33.3, 41.7, 72.5, 58.3, 59.2, 52.5, 38.8, 47.9, 52.5, 29.2, 50.0, 41.7, 47.9, 41.7, 50.0, 54.4, 56.1, 35.4, 54.2, 58.5, 45.8, 56.3, 52.5, 45.8, 
71.7, 45.2, 43.8, 58.3, 60.4, 56.1, 63.3, 41.7, 52.5, 39.6, 55.0, 57.5, 56.3, 67.5, 52.0, 52.1, 45.8, 57.1, 58.5, 39.6, 50.0, 35.4, 31.3, 45.0, 35.4, 35.4, 52.5, 60.7, 51.8, 41.7, 48.9, 48.8, 44.9, 38.8, 63.3, 57.5, 41.7, 50.0, 66.7, 68.0, 68.8, 50.0, 62.7, 63.4, 43.8, 47.9]
52.46575757575758
--> MEMORY PERCENTAGE:
[53.7, 53.9, 53.9, 53.9, 53.9, 53.9, 53.9, 53.9, 53.9, 53.9, 53.9, 53.9, 53.9, 53.8, 53.8, 53.8, 53.8, 53.8, 53.8, 53.8, 53.8, 53.8, 53.8, 53.8, 53.8, 53.8, 53.8, 53.8, 53.8, 53.8, 53.8, 53.8, 53.8, 53.8, 53.8, 53.8, 53.7, 53.7, 53.7, 53.7, 53.7, 53.7, 53.7, 53.7, 53.7, 53.7, 53.7, 53.7, 53.7, 53.7, 53.7, 53.7, 53.7, 53.7, 53.7, 53.7, 53.7, 53.7, 53.7, 53.7, 53.7, 53.7, 53.7, 53.7, 53.7, 53.7, 53.7, 53.7, 53.7, 53.7, 53.7, 53.7, 53.7, 53.7, 53.7, 53.7, 53.7, 53.7, 53.6, 53.6, 53.6, 53.6, 53.6, 53.6, 53.6, 53.6, 53.6, 53.6, 53.6, 53.6, 53.6, 53.6, 53.6, 53.6, 53.6, 53.6, 53.6, 53.6, 53.6, 53.6, 53.6, 53.6, 53.6, 53.6, 53.6, 53.6, 53.6, 53.6, 53.6, 53.6, 53.6, 53.6, 53.6, 53.6, 53.6, 53.6, 53.6, 53.6, 53.6, 53.5, 53.5, 53.5, 53.5, 53.5, 53.5, 53.5, 53.5, 53.5, 53.5, 
53.5, 53.5, 53.5, 53.5, 53.5, 53.5, 53.5, 53.5, 53.5, 53.5, 53.5, 53.5, 53.5, 53.5, 53.5, 53.5, 53.5, 53.5, 53.5, 53.5, 53.5, 53.5, 53.5, 53.5, 53.5, 53.5, 53.5, 53.5, 53.5, 53.5, 53.5, 53.5, 53.5, 53.5, 53.5, 53.5, 53.5, 53.5, 53.5, 53.5, 53.5, 53.5, 53.5, 53.5, 53.5, 53.5, 53.5, 53.5, 53.5, 53.5, 53.5, 53.5, 53.5, 53.5, 53.5, 53.5, 53.5, 53.5, 53.5, 53.5, 53.5, 53.5, 53.5, 53.5, 53.5, 53.5, 53.5, 53.5, 53.5, 53.5, 53.5, 53.5, 53.5, 53.5, 53.5, 53.5, 53.5, 53.5, 53.5, 53.5, 53.5, 53.5, 53.5, 53.5, 53.5, 53.5, 53.5, 53.5, 53.5, 53.5, 53.5, 53.5, 53.5, 53.5, 53.5, 53.5, 53.5, 53.5, 53.5, 53.5, 53.5, 53.5, 53.5, 53.5, 53.5, 53.5, 53.5, 53.5, 53.5, 53.5, 53.5, 53.5, 53.5, 53.5, 53.5, 53.5, 53.5, 53.5, 53.5, 53.5, 53.5, 53.5, 53.5, 53.5, 53.5, 53.5, 53.5, 53.5, 53.5, 53.5, 53.5, 53.5, 53.5, 53.5, 53.5, 53.5, 53.5, 53.5, 53.5, 53.5, 53.5, 53.5, 53.5, 53.5, 53.5, 53.5, 53.5, 53.5, 53.5, 53.5, 53.5, 53.5, 53.5, 53.5, 53.5, 
53.5, 53.5, 53.5, 53.5, 53.5, 53.5, 53.5, 53.5, 53.5, 53.5, 53.5, 53.5, 53.5, 53.5, 53.5, 53.5, 53.5, 53.5, 53.5, 53.5, 53.5, 53.5, 53.5, 53.5, 53.5, 53.5, 53.5, 53.5, 53.5, 53.5, 53.5, 53.5, 53.5, 53.5, 53.5, 53.5, 53.5, 53.5, 53.5, 53.5, 53.5, 53.5, 53.5, 53.5, 53.5, 53.5]
53.57393939393939

----------- FDFR RESULTS -----------
--> Total Frames: 330
--> Correct Frames: 330
--> Succes Rate: 100.0 %
---- 185.968999863 seconds ----
--> CPU PERCENTAGE:
[27.0, 34.9, 23.1, 16.7, 20.9, 17.2, 22.1, 17.9, 23.0, 25.2, 22.7, 16.8, 19.9, 17.6, 18.7, 14.9, 18.8, 17.1, 18.3, 18.5, 17.1, 17.7, 34.8, 30.2, 25.4, 30.0, 28.4, 24.7, 25.1, 38.3, 29.4, 17.3, 22.9, 21.8, 17.5, 16.1, 19.0, 22.6, 19.5, 20.6, 16.7, 17.9, 17.8, 18.4, 16.1, 17.1, 20.6, 19.0, 17.1, 16.9, 17.0, 18.2, 18.6, 19.9, 15.8, 19.2, 18.2, 23.4, 29.1, 29.7, 26.4, 26.0, 24.0, 14.3, 25.3, 21.3, 24.2, 32.9, 31.0, 26.8, 30.0, 25.9, 29.2, 65.2, 59.3, 40.2, 54.3, 37.8, 55.8, 35.0, 32.1, 29.1, 46.2, 33.4, 22.8, 41.6, 32.3, 17.3, 15.4, 24.4, 21.2, 20.7, 24.2, 18.5, 29.1, 37.5, 31.6, 43.3, 23.2, 37.7, 53.4, 34.6, 43.9, 29.1, 19.9, 35.3, 31.8, 46.3, 33.1, 23.5, 21.1, 25.9, 21.0, 54.6, 35.0, 42.1, 38.0, 38.7, 41.8, 34.1, 23.0, 36.3, 36.9, 51.3, 28.8, 38.1, 43.1, 40.6, 25.8, 
19.0, 36.0, 37.2, 36.3, 29.8, 27.1, 32.5, 22.7, 27.0, 21.1, 19.7, 17.6, 23.3, 20.0, 23.8, 18.9, 27.4, 23.8, 23.0, 25.8, 26.8, 28.1, 45.1, 41.1, 27.5, 30.3, 35.6, 33.5, 42.4, 43.4, 28.0, 26.2, 24.1, 28.9, 28.0, 25.2, 16.7, 19.0, 17.2, 32.8, 46.9, 26.0, 20.3, 16.9, 23.3, 21.2, 29.0, 33.4, 30.5, 32.9, 18.6, 19.9, 16.5, 20.8, 15.4, 18.6, 15.4, 25.1, 17.9, 17.6, 17.9, 20.6, 18.6, 15.8, 17.2, 17.9, 15.0, 20.6, 20.1, 18.3, 15.8, 20.2, 20.1, 20.1, 20.1, 20.4, 26.3, 20.6, 14.7, 20.4, 13.6, 20.1, 19.7, 20.7, 17.9, 21.2, 26.3, 19.0, 18.1, 15.7, 18.9, 22.6, 17.2, 17.8, 18.1, 18.6, 19.9, 18.4, 19.2, 20.4, 19.0, 18.7, 21.9, 15.8, 22.7, 17.8, 18.1, 16.1, 17.9, 19.0, 20.6, 18.7, 19.0, 15.4, 22.1, 15.4, 21.2, 15.8, 17.8, 16.1, 20.3, 15.0, 17.6, 18.7, 20.0, 16.0, 18.8, 17.0, 20.1, 16.2, 19.5, 16.9, 18.5, 23.0, 18.0, 15.8, 21.6, 16.2, 19.3, 16.8, 16.9, 17.9, 18.2, 16.1, 16.0, 15.0, 19.6, 18.2, 22.4, 17.2, 20.2, 17.5, 20.8, 17.8, 15.1, 
20.4, 16.4, 18.1, 16.0, 16.7, 15.8, 21.5, 14.7, 19.5, 13.6, 18.1, 14.0, 21.2, 17.2, 21.1, 19.7, 15.3, 18.7, 23.4, 14.3, 21.4, 16.1, 23.3, 17.9, 19.9, 18.6, 16.8, 16.2, 22.3, 21.9, 23.0, 15.8, 18.2, 14.0, 19.6, 17.9, 16.7, 14.6, 17.5, 16.9, 18.9, 17.2, 19.0, 17.9, 18.2, 15.4]
23.473939393939396
--> MEMORY PERCENTAGE:
[69.8, 69.9, 69.8, 69.8, 69.8, 69.8, 69.8, 69.8, 69.8, 69.8, 69.8, 69.8, 69.7, 69.7, 69.7, 69.7, 69.7, 69.6, 69.6, 69.6, 69.6, 69.6, 69.9, 69.9, 69.9, 69.8, 69.8, 69.8, 69.8, 69.9, 69.9, 69.9, 69.9, 69.9, 69.9, 69.9, 69.8, 69.8, 69.8, 69.8, 69.8, 69.8, 69.8, 69.7, 69.7, 69.7, 69.7, 69.7, 69.7, 69.7, 69.7, 69.7, 69.7, 69.7, 69.6, 69.6, 69.6, 69.7, 69.8, 69.8, 69.8, 69.8, 69.8, 69.8, 69.8, 69.8, 69.8, 69.8, 69.7, 69.7, 69.8, 69.8, 69.8, 69.9, 70.0, 70.0, 70.0, 70.0, 70.0, 70.0, 70.0, 70.0, 70.0, 70.0, 70.0, 70.0, 70.0, 70.0, 70.0, 70.0, 70.0, 70.0, 69.9, 69.9, 69.9, 69.9, 69.9, 69.9, 69.9, 70.0, 70.0, 70.0, 70.0, 70.0, 70.0, 70.0, 69.9, 69.9, 69.9, 69.9, 69.9, 69.9, 69.9, 69.9, 69.9, 69.9, 69.9, 69.9, 69.9, 69.9, 69.9, 69.9, 69.9, 69.9, 69.9, 69.9, 69.9, 69.9, 69.9, 
69.9, 69.9, 69.9, 69.9, 69.9, 69.9, 69.9, 69.9, 69.9, 69.9, 69.9, 69.8, 69.8, 69.8, 69.8, 69.8, 69.8, 69.8, 69.8, 69.8, 69.8, 69.9, 69.9, 69.9, 69.8, 69.8, 69.9, 69.8, 69.8, 69.9, 69.9, 69.9, 69.9, 69.9, 69.9, 69.9, 69.9, 69.9, 69.9, 69.9, 69.9, 69.9, 69.9, 69.9, 69.9, 69.9, 69.9, 70.0, 70.0, 70.0, 70.0, 70.0, 69.9, 69.9, 69.9, 69.9, 69.9, 69.9, 69.9, 69.9, 69.9, 69.9, 69.9, 69.8, 69.8, 69.8, 69.8, 69.8, 69.8, 69.8, 69.8, 69.8, 69.8, 69.8, 69.9, 69.9, 69.9, 69.9, 69.9, 69.9, 69.9, 69.9, 69.9, 69.9, 69.9, 69.9, 69.8, 69.8, 69.8, 69.8, 69.8, 69.8, 69.8, 69.8, 69.8, 69.8, 69.8, 69.8, 69.8, 69.8, 69.8, 69.8, 69.8, 69.8, 69.8, 69.8, 69.7, 69.8, 69.7, 69.7, 69.7, 69.7, 69.8, 69.7, 69.7, 69.8, 69.8, 69.8, 69.8, 69.7, 69.8, 69.8, 69.8, 69.7, 69.7, 69.7, 69.7, 69.7, 69.7, 69.7, 69.7, 69.7, 69.7, 69.7, 69.7, 69.7, 69.8, 69.8, 69.7, 69.7, 69.7, 69.7, 69.8, 69.8, 69.8, 69.8, 69.8, 69.8, 69.7, 69.8, 69.8, 69.8, 69.8, 69.8, 69.8, 
69.8, 69.8, 69.8, 69.8, 69.7, 69.8, 69.8, 69.8, 69.8, 69.8, 69.8, 69.8, 69.8, 69.8, 69.8, 69.8, 69.8, 69.8, 69.8, 69.8, 69.8, 69.8, 69.8, 69.8, 69.8, 69.8, 69.8, 69.8, 69.8, 69.8, 69.8, 69.9, 69.9, 69.8, 69.8, 69.8, 69.8, 69.8, 69.8, 69.8, 69.8, 69.8, 69.8, 69.8, 69.8, 69.8]
69.82969696969695
